
500
21315419
14110034
11171671
12050763
15919760
13088675
20280022
7357220
8094674
5126839
12003690
13910497
8069671
3807117
3639080
4304946
2458552
3755366
3584464
52540197
12504801
3051575
4918013
2825079
3209556
2942762
6209589
2277594
1642667
55044147

1000
3345677
3235887
5767982
6791925
5431975
5343277
3569238
6316306
3678750
8657735
5086679
5579410
6491678
5311639
7637772
4916756
5383296
5465499
5249270
5796128
3176940
3543118
7524559
6162166
3482356
3314946
3065543
4176020
7213486
2933124

1500
8030350
49150032
6686674
3933461
4185867
4073562
6597627
5335734
5663220
5744584
5659589
5822109
5647366
5701982
4129366
5757436
5543372
5468642
3849512
3972642
4138096
3947079
4060711
4157861
4156883
9716808
5789492
3966845
3826464
3804954

2000
5194445
5088845
5130261
5284890
7367067
5288172
5184458
6443766
7224312
5244032
5241658
16784396
5250458
7771519
7531194
7029315
6872941
6964084
6771252
7030851
6861905
7099506
6912960
6814413
6964991
6827404
6951862
6961709
6827753
6552439

2500
8652706
8159696
8193010
8500313
8440458
8505411
8803423
8625747
8401975
8669608
8764592
8757887
8663182
8604167
8461619
10734325
9768141
8438223
8570852
8695729
8806008
9101994
8569245
8568687
8459246
8606052
8492560
8686858
8458268
8653195

3000
10097024
10284268
10681595
11383989
11482325
11548674
11457881
11518503
10284548
10352363
10392871
10174897
9864732
9835048
10362909
12596294
10215754
10074744
10060776
10030535
10309271
10072369
9954826
10092903
10128382
10267995
9594655
10584655
10424789
10345588

3500
11959550
12486992
14733995
11739970
11744370
11556077
12275862
12126332
12052091
12269367
11987208
11916109
11833836
12063196
11879513
12006624
11818611
12147144
11816934
12319443
11583595
12261405
12009976
11552725
11894529
11884122
11584573
11949074
12128218
12505151

4000
13647265
13940179
13894434
13335912
13578821
13529583
13387805
13306649
13452897
13596002
13707538
13113888
13493126
13342059
13500389
13357633
13544598
13628338
13728351
13789951
13357424
13279550
13774447
13105647
13568205
13451570
13682256
13276059
13536148
13738828

4500
15334421
15583824
15677901
15583615
15233710
15288325
15162820
13990535
15285951
14720377
15221627
15400980
15467398
14977532
15042414
15225748
14430256
15400351
15313329
14724217
14832961
15340707
14947290
11112935
10961798
12036027
15480250
14849303
16454466
15355443

5000
16478561
17021926
16997831
16759742
17092396
17113558
16852351
16891462
16709176
16828186
17140307
16829025
16718396
18428110
16904593
17244300
16947615
18264123
16767494
16889088
16656447
16635844
16463475
16707640
17837672
16703520
16829653
16909342
16908434
17016478

5500
19793019
17195691
18341717
18121088
18493691
18755805
18630091
18412186
18454161
17617742
18559552
18552358
17888866
18584765
18786396
18670459
18409602
23020314
20125882
18367628
18552637
18655583
18372237
18762859
18947520
18251760
29684010
18705171
18922098
18653348

6000
20231762
25224785
21872333
21706809
25345330
20155494
19905254
21496657
21527806
21671748
19372086
21933584
20279812
20090402
21676498
20628739
21330435
20980809
20512034
21374295
19182257
19879342
20091869
21223018
21584028
20330936
20758086
21364866
19833945
19936263

6500
23797019
24018835
22099876
20455393
22686682
22096383
22264980
21940009
20059113
21953698
22438745
22061742
22206733
21330575
22300181
21971158
22411088
21111901
21733698
21857387
21860600
22599381
22375958
21976187
22713152
21359489
22244028
21811780
22156098
21671190

7000
23424904
24289540
25033279
24049007
24190994
27986518
24107743
23769083
24629457
27420594
24239604
22301438
24731285
24141756
24535730
24682257
25043267
23345495
24095800
24123597
24110746
25095298
24348835
24319921
23738073
23233190
23871959
24644823
23064872
23743730

7500
25242804
24116892
25618479
25427813
25659336
23682549
25470066
25268295
25234911
25629235
26041997
25050740
25793712
25501146
25400155
25687483
28705324
28557820
25525660
26435343
25526638
24257552
25460359
26317032
25977603
25754111
25679381
25843508
24865311
24483558

8000
25347705
32180626
27017400
27885947
28309464
27139762
27561394
27986378
28717337
27579832
27142416
27885807
26989045
28727115
33084163
28500759
27394682
27909971
27944683
30311045
25666111
27213375
28084924
27657007
27215400
27574315
27107146
33028360
28079058
26564689

8500
28478130
28893058
29225503
29053344
29411978
29160341
28691425
28416461
29139667
27235025
36452119
29529871
29163274
28761476
29722563
28975889
29653909
29032671
30312023
28608943
29387533
31591864
28887261
30509814
27653375
29715928
28671800
28968416
29690784
29006410

9000
29763350
30350297
30502760
31860474
30117655
33309332
33893833
34130106
40549707
30419369
30982987
30035242
31053458
31140411
30229820
31040188
31074201
30140702
29803229
31881426
31076995
33574868
31011554
36571827
30627356
30216201
31329121
31844900
29774804
30714379

9500
32701851
31314385
31795941
32811572
32047858
31858099
32574042
31738251
34768664
34855128
35869433
35160475
31681610
32078099
32808359
32761776
33056715
33217141
32369687
34011864
32135998
32260804
32082988
33390207
32732372
30042365
32033122
32088575
32939033
33220633

10000
33988398
35087979
35366157
31498486
33394328
33689477
34281172
34401090
33938112
33411230
34014310
31640125
33753312
32249770
34032537
34929300
33757084
33785090
34054957
33913389
33577941
33906683
34204767
33665871
33467242
34285852
32752347
33671597
37220722
40453885
